# val voltage
0 0 74 71
1 8 75 72
2 16 74 71
3 24 76 73
4 32 77 73
5 40 78 73
6 48 79 75
7 56 80 76
8 64 80 76
9 72 86 79
10 80 93 81
11 88 99 86
12 96 108 95
13 104 117 103
14 112 123 109
15 120 132 118
16 128 140 125
17 136 149 134
18 144 155 141
19 152 163 149
20 160 172 158
21 168 181 166
22 176 187 174
23 184 196 182
24 192 204 190
25 200 212 198
26 208 220 206
27 216 227 213
28 224 237 223
29 232 246 231
30 240 253 239
31 248 260 245
32 256 269 255
33 264 276 262
34 272 284 272
35 280 293 280
36 288 301 288
37 296 308 295
38 304 317 304
39 312 325 312
40 320 333 319
41 328 340 327
42 336 347 335
43 344 357 343
44 352 366 353
45 360 373 359
46 368 381 368
47 376 389 376
48 384 396 383
49 392 404 391
50 400 412 399
51 408 419 407
52 416 429 416
53 424 436 424
54 432 443 430
55 440 452 439
56 448 461 447
57 456 469 456
58 464 476 463
59 472 484 472
60 480 492 478
61 488 499 487
62 496 509 495
63 504 516 502
64 512 526 511
65 520 533 519
66 528 541 527
67 536 549 536
68 544 557 544
69 552 566 552
70 560 572 559
71 568 581 568
72 576 590 576
73 584 597 583
74 592 606 592
75 600 612 598
76 608 621 607
77 616 629 615
78 624 637 624
79 632 646 632
80 640 653 639
81 648 661 647
82 656 670 656
83 664 677 662
84 672 685 671
85 680 693 679
86 688 701 687
87 696 709 695
88 704 716 702
89 712 725 711
90 720 733 719
91 728 741 726
92 736 750 736
93 744 757 743
94 752 765 751
95 760 774 759
96 768 780 766
97 776 789 775
98 784 797 783
99 792 806 792
100 800 813 799
101 808 821 808
102 816 828 815
103 824 837 823
104 832 845 831
105 840 852 839
106 848 862 848
107 856 869 855
108 864 875 861
109 872 885 871
110 880 893 879
111 888 901 887
112 896 909 896
113 904 917 904
114 912 925 911
115 920 932 918
116 928 939 926
117 936 948 935
118 944 957 943
119 952 965 952
120 960 972 958
121 968 981 968
122 976 989 975
123 984 996 982
124 992 1004 991
125 1000 1013 999
126 1008 1021 1007
127 1016 1030 1014
128 1024 1037 1023
129 1032 1045 1032
130 1040 1053 1039
131 1048 1061 1048
132 1056 1070 1056
133 1064 1077 1064
134 1072 1085 1071
135 1080 1094 1080
136 1088 1102 1088
137 1096 1110 1097
138 1104 1117 1104
139 1112 1126 1112
140 1120 1134 1120
141 1128 1141 1127
142 1136 1149 1135
143 1144 1157 1145
144 1152 1164 1151
145 1160 1174 1160
146 1168 1180 1167
147 1176 1188 1175
148 1184 1197 1184
149 1192 1205 1191
150 1200 1213 1200
151 1208 1221 1207
152 1216 1230 1215
153 1224 1237 1223
154 1232 1245 1231
155 1240 1252 1239
156 1248 1261 1248
157 1256 1269 1255
158 1264 1277 1264
159 1272 1285 1272
160 1280 1294 1279
161 1288 1301 1288
162 1296 1309 1296
163 1304 1318 1304
164 1312 1325 1311
165 1320 1332 1319
166 1328 1342 1329
167 1336 1349 1336
168 1344 1357 1344
169 1352 1365 1352
170 1360 1373 1360
171 1368 1381 1369
172 1376 1389 1376
173 1384 1396 1383
174 1392 1407 1393
175 1400 1413 1401
176 1408 1421 1407
177 1416 1429 1416
178 1424 1437 1424
179 1432 1445 1432
180 1440 1452 1439
181 1448 1461 1448
182 1456 1469 1455
183 1464 1477 1464
184 1472 1486 1472
185 1480 1492 1480
186 1488 1501 1488
187 1496 1509 1496
188 1504 1517 1504
189 1512 1525 1512
190 1520 1533 1519
191 1528 1541 1528
192 1536 1550 1537
193 1544 1557 1545
194 1552 1566 1553
195 1560 1574 1562
196 1568 1581 1568
197 1576 1590 1577
198 1584 1598 1585
199 1592 1607 1594
200 1600 1613 1600
201 1608 1622 1609
202 1616 1630 1617
203 1624 1638 1625
204 1632 1646 1633
205 1640 1654 1642
206 1648 1661 1648
207 1656 1670 1657
208 1664 1677 1664
209 1672 1686 1673
210 1680 1693 1681
211 1688 1702 1690
212 1696 1709 1695
213 1704 1718 1705
214 1712 1726 1713
215 1720 1734 1721
216 1728 1742 1729
217 1736 1750 1736
218 1744 1758 1745
219 1752 1766 1753
220 1760 1774 1760
221 1768 1782 1769
222 1776 1789 1776
223 1784 1798 1785
224 1792 1806 1793
225 1800 1814 1802
226 1808 1821 1809
227 1816 1829 1817
228 1824 1838 1826
229 1832 1847 1834
230 1840 1852 1840
231 1848 1861 1849
232 1856 1870 1857
233 1864 1878 1866
234 1872 1886 1873
235 1880 1895 1882
236 1888 1902 1889
237 1896 1910 1897
238 1904 1916 1904
239 1912 1926 1914
240 1920 1933 1920
241 1928 1941 1929
242 1936 1950 1937
243 1944 1956 1944
244 1952 1967 1954
245 1960 1973 1960
246 1968 1982 1970
247 1976 1990 1977
248 1984 1998 1985
249 1992 2006 1993
250 2000 2014 2001
251 2008 2021 2008
252 2016 2031 2017
253 2024 2039 2026
254 2032 2046 2032
255 2040 2054 2041
256 2048 2062 2050
257 2056 2072 2059
258 2064 2079 2066
259 2072 2086 2074
260 2080 2096 2083
261 2088 2101 2088
262 2096 2112 2100
263 2104 2119 2107
264 2112 2127 2114
265 2120 2136 2124
266 2128 2142 2130
267 2136 2151 2138
268 2144 2158 2145
269 2152 2166 2153
270 2160 2176 2163
271 2168 2183 2171
272 2176 2191 2179
273 2184 2199 2186
274 2192 2207 2195
275 2200 2214 2202
276 2208 2222 2210
277 2216 2230 2218
278 2224 2237 2225
279 2232 2246 2234
280 2240 2255 2242
281 2248 2262 2249
282 2256 2270 2258
283 2264 2279 2266
284 2272 2287 2273
285 2280 2295 2282
286 2288 2303 2290
287 2296 2310 2297
288 2304 2317 2305
289 2312 2327 2315
290 2320 2335 2323
291 2328 2342 2330
292 2336 2351 2339
293 2344 2358 2346
294 2352 2366 2354
295 2360 2374 2362
296 2368 2383 2370
297 2376 2391 2380
298 2384 2399 2387
299 2392 2406 2395
300 2400 2414 2401
301 2408 2423 2411
302 2416 2430 2418
303 2424 2439 2426
304 2432 2447 2435
305 2440 2455 2443
306 2448 2463 2451
307 2456 2471 2459
308 2464 2480 2467
309 2472 2487 2475
310 2480 2494 2482
311 2488 2504 2491
312 2496 2512 2499
313 2504 2517 2505
314 2512 2527 2515
315 2520 2537 2524
316 2528 2543 2530
317 2536 2551 2539
318 2544 2558 2547
319 2552 2566 2553
320 2560 2574 2561
321 2568 2584 2572
322 2576 2589 2577
323 2584 2599 2587
324 2592 2606 2594
325 2600 2614 2603
326 2608 2623 2611
327 2616 2630 2618
328 2624 2638 2626
329 2632 2647 2635
330 2640 2654 2643
331 2648 2663 2651
332 2656 2671 2659
333 2664 2679 2666
334 2672 2686 2675
335 2680 2694 2682
336 2688 2702 2690
337 2696 2710 2698
338 2704 2718 2706
339 2712 2727 2714
340 2720 2734 2721
341 2728 2742 2730
342 2736 2751 2739
343 2744 2760 2748
344 2752 2768 2756
345 2760 2774 2762
346 2768 2782 2770
347 2776 2789 2777
348 2784 2799 2787
349 2792 2806 2793
350 2800 2814 2802
351 2808 2822 2811
352 2816 2830 2818
353 2824 2837 2826
354 2832 2846 2834
355 2840 2855 2843
356 2848 2862 2851
357 2856 2869 2858
358 2864 2878 2867
359 2872 2886 2875
360 2880 2894 2883
361 2888 2904 2892
362 2896 2911 2900
363 2904 2918 2906
364 2912 2925 2914
365 2920 2932 2921
366 2928 2942 2930
367 2936 2949 2938
368 2944 2957 2945
369 2952 2968 2957
370 2960 2974 2963
371 2968 2983 2972
372 2976 2990 2979
373 2984 2998 2987
374 2992 3006 2994
375 3000 3014 3002
376 3008 3024 3012
377 3016 3030 3018
378 3024 3038 3026
379 3032 3046 3034
380 3040 3055 3042
381 3048 3061 3050
382 3056 3071 3060
383 3064 3079 3067
384 3072 3087 3075
385 3080 3095 3082
386 3088 3103 3091
387 3096 3112 3100
388 3104 3119 3107
389 3112 3127 3115
390 3120 3133 3122
391 3128 3144 3132
392 3136 3151 3139
393 3144 3160 3149
394 3152 3167 3156
395 3160 3174 3162
396 3168 3182 3170
397 3176 3190 3179
398 3184 3200 3188
399 3192 3208 3196
400 3200 3215 3203
401 3208 3222 3211
402 3216 3230 3218
403 3224 3239 3227
404 3232 3246 3234
405 3240 3256 3244
406 3248 3265 3253
407 3256 3271 3259
408 3264 3278 3266
409 3272 3286 3274
410 3280 3294 3282
411 3288 3304 3292
412 3296 3311 3299
413 3304 3319 3307
414 3312 3326 3314
415 3320 3335 3323
416 3328 3341 3331
417 3336 3351 3341
418 3344 3358 3348
419 3352 3367 3356
420 3360 3375 3364
421 3368 3382 3372
422 3376 3391 3381
423 3384 3398 3388
424 3392 3407 3397
425 3400 3415 3406
426 3408 3422 3412
427 3416 3431 3421
428 3424 3440 3429
429 3432 3446 3435
430 3440 3453 3443
431 3448 3462 3451
432 3456 3471 3461
433 3464 3479 3469
434 3472 3487 3475
435 3480 3495 3483
436 3488 3503 3492
437 3496 3511 3501
438 3504 3518 3508
439 3512 3524 3514
440 3520 3534 3524
441 3528 3545 3533
442 3536 3551 3541
443 3544 3558 3546
444 3552 3566 3556
445 3560 3575 3564
446 3568 3583 3573
447 3576 3590 3578
448 3584 3599 3587
449 3592 3607 3595
450 3600 3614 3604
451 3608 3623 3613
452 3616 3631 3620
453 3624 3641 3631
454 3632 3648 3637
455 3640 3656 3645
456 3648 3663 3652
457 3656 3672 3662
458 3664 3681 3671
459 3672 3688 3676
460 3680 3697 3686
461 3688 3704 3693
462 3696 3713 3702
463 3704 3719 3709
464 3712 3729 3718
465 3720 3735 3724
466 3728 3744 3733
467 3736 3753 3742
468 3744 3762 3751
469 3752 3768 3757
470 3760 3774 3763
471 3768 3784 3772
472 3776 3793 3781
473 3784 3800 3788
474 3792 3807 3797
475 3800 3816 3805
476 3808 3823 3812
477 3816 3830 3819
478 3824 3839 3828
479 3832 3849 3838
480 3840 3855 3844
481 3848 3863 3853
482 3856 3872 3862
483 3864 3880 3868
484 3872 3887 3876
485 3880 3897 3886
486 3888 3904 3894
487 3896 3910 3900
488 3904 3922 3911
489 3912 3927 3916
490 3920 3938 3926
491 3928 3944 3932
492 3936 3951 3940
493 3944 3960 3949
494 3952 3968 3957
495 3960 3976 3964
496 3968 3984 3973
497 3976 3996 3983
498 3984 3998 3987
499 3992 4008 3997
500 4000 4015 4004
501 4008 4022 4010
502 4016 4031 4020
503 4024 4034 4029
504 4032 4033 4033
505 4040 4033 4034
506 4048 4034 4033
507 4056 4034 4034
508 4064 4032 4031
509 4072 4032 4032
510 4080 4033 4033
511 4088 4032 4032